9.576068818569183350e-02
1.678991168737411499e-01
1.359590142965316772e-01
1.129363626241683960e-01
1.512500047683715820e+00
1.220781654119491577e-01
1.419762223958969116e-01
3.145621716976165771e-02
1.225035041570663452e-01
1.078884452581405640e-01
1.328741163015365601e-01
1.165982335805892944e-01
6.753416061401367188e-01
2.135324329137802124e-01
1.126296371221542358e-01
1.038533896207809448e-01
1.634287685155868530e-01
1.854083240032196045e-01
1.057842820882797241e-01
1.176320910453796387e-01
1.309878677129745483e-01
1.849423646926879883e+00
1.899216651916503906e+00
1.502957195043563843e-01
1.552247852087020874e-01
6.636675000190734863e-01
1.589902490377426147e-01
1.451946049928665161e-01
2.249773591756820679e-01
1.371345371007919312e-01
1.546335071325302124e-01
1.926171630620956421e-01
1.948342174291610718e-01
1.032441705465316772e-01
1.294344514608383179e-01
1.344643682241439819e-01
1.580159664154052734e-01
1.277873367071151733e-01
1.258012801408767700e-01
1.084224581718444824e-01
1.231889575719833374e-01
1.775760501623153687e-01
3.688817024230957031e-01
1.329799294471740723e-01
9.939371049404144287e-02
1.448774188756942749e-01
1.745409816503524780e-01
1.683711707592010498e-01
1.358491182327270508e-01
1.418336778879165649e-01
1.153094023466110229e-01
1.602957099676132202e-01
1.554893106222152710e-01
1.519350856542587280e-01
1.717548221349716187e-01
1.979741901159286499e-01
5.269562005996704102e-01
1.478837877511978149e-01
1.692377179861068726e-01
7.215724885463714600e-02
2.782821655273437500e-01
1.608114093542098999e-01
1.793508380651473999e-01
1.567524522542953491e-01
1.626987308263778687e-01
1.603590101003646851e-01
5.122376680374145508e-01
9.752260148525238037e-02
4.897373318672180176e-01
1.665690839290618896e-01
1.298547834157943726e-01
7.691546082496643066e-01
1.710555404424667358e-01
1.888913959264755249e-01
1.617488712072372437e-01
1.914810985326766968e-01
2.195939868688583374e-01
1.921251416206359863e-01
1.526643484830856323e-01
1.079133301973342896e-01
1.179790347814559937e-01
2.435636371374130249e-01
1.384476274251937866e-01
1.403213590383529663e-01
1.698300093412399292e-01
1.756427437067031860e-01
1.665563434362411499e-01
2.027176856994628906e+00
1.452131122350692749e-01
1.140918582677841187e-01
1.581982225179672241e-01
9.526952356100082397e-02
7.503508031368255615e-02
1.751149743795394897e-01
1.556762307882308960e-01
2.140641063451766968e-01
1.356903165578842163e-01
1.078468412160873413e-01
2.055187076330184937e-01
1.658923476934432983e-01
6.894563138484954834e-02
1.321185678243637085e-01
2.134780734777450562e-01
1.594904512166976929e-01
6.096328496932983398e-01
3.373136520385742188e-01
1.655032485723495483e-01
9.122048318386077881e-02
1.911393165588378906e+00
3.900308609008789062e-01
2.193126529455184937e-01
1.402560472488403320e-01
1.479139178991317749e-01
1.626771539449691772e-01
1.092191785573959351e-01
9.427498281002044678e-02
1.897746175527572632e-01
1.046380847692489624e-01
1.734552234411239624e-01
1.719846576452255249e-01
1.322297900915145874e-01
1.522062569856643677e-01
1.286164373159408569e-01
1.505069583654403687e-01
1.745215505361557007e-01
1.619456559419631958e-01
1.862891167402267456e-01
1.100489795207977295e-01
1.096762269735336304e-01
1.789321750402450562e-01
1.558670401573181152e+00
1.795818656682968140e-01
1.518865674734115601e-01
1.450568884611129761e-01
1.934017837047576904e-01
1.885630935430526733e-01
1.669995039701461792e-01
1.320096105337142944e-01
6.333731114864349365e-02
1.143164113163948059e-01
9.808455407619476318e-02
6.854944229125976562e-01
9.495519101619720459e-02
8.566652238368988037e-02
1.470646709203720093e-01
1.532084792852401733e-01
1.224511712789535522e-01
2.830924987792968750e-01
4.899156093597412109e-01
1.246878951787948608e-01
1.426889747381210327e-01
1.459917873144149780e-01
1.391591876745223999e-01
1.034098714590072632e-01
2.136639207601547241e-01
1.614808887243270874e-01
1.856395751237869263e-01
1.781304925680160522e-01
1.654815077781677246e-01
2.285961955785751343e-01
1.690521091222763062e-01
1.946671485900878906e+00
1.998238414525985718e-01
1.846456378698348999e-01
1.341712325811386108e-01
1.183354705572128296e-01
1.015442460775375366e-01
1.347212642431259155e-01
2.112402766942977905e-01
1.634130328893661499e-01
6.298792362213134766e-01
3.003158569335937500e-01
1.337141841650009155e-01
1.929454654455184937e-01
2.176141589879989624e-01
1.796383708715438843e-01
1.640361398458480835e-01
1.800301223993301392e-01
1.802176088094711304e-01
1.971735805273056030e-01
1.301731467247009277e-01
1.274304240942001343e-01
1.518152803182601929e-01
3.175733983516693115e-02
1.332574933767318726e-01
1.973514407873153687e-01
1.131328195333480835e-01
1.817828267812728882e-01
1.690488606691360474e-01
9.807589650154113770e-02
1.107455641031265259e-01
1.967544406652450562e-01
1.748883575201034546e-01
1.750092357397079468e-01
1.398513168096542358e-01
7.098875045776367188e-01
1.469011068344116211e+00
1.358196586370468140e-01
8.013616502285003662e-02
1.537761837244033813e-01
1.775820106267929077e-01
1.800227016210556030e-01
1.713199466466903687e-01
1.546448022127151489e-01
7.090090215206146240e-02
1.175949126482009888e-01
1.713070720434188843e-01
2.573556900024414062e-01
1.836174577474594116e-01
1.330235600471496582e-01
1.628427356481552124e-01
1.796107143163681030e-01
2.899274826049804688e-01
1.614227145910263062e-01
1.319430470466613770e-01
6.044147908687591553e-02
1.208638995885848999e-01
1.403597444295883179e-01
1.321370899677276611e-01
1.841254085302352905e-01
1.350531429052352905e-01
1.494396775960922241e-01
2.011513561010360718e-01
1.358349174261093140e-01
9.062288701534271240e-02
1.910922378301620483e-01
1.927747577428817749e-01
1.419941037893295288e-01
1.725253909826278687e-01
1.579984128475189209e-01
1.501304060220718384e-01
1.923851817846298218e-01
8.196841180324554443e-02
1.119900792837142944e-01
6.598377972841262817e-02
1.328852921724319458e-01
1.409450620412826538e-01
7.339571416378021240e-02
1.686815768480300903e-01
6.636200845241546631e-02
1.973099708557128906e+00
1.524525731801986694e-01
1.928654760122299194e-01
1.744189113378524780e-01
1.231897324323654175e-01
9.561000764369964600e-02
1.721124500036239624e-01
1.751856654882431030e-01
3.836079835891723633e-01
1.076677888631820679e-01
1.283316463232040405e-01
1.394587606191635132e-01
1.549820452928543091e-01
1.607766002416610718e-01
2.182154506444931030e-01
1.025972217321395874e-01
2.000965923070907593e-01
1.415430158376693726e-01
5.077910423278808594e-01
5.250559747219085693e-02
1.945133060216903687e-01
1.312181055545806885e-01
1.683217734098434448e-01
1.403808444738388062e-01
1.332313865423202515e-01
1.904358714818954468e-01
1.636382192373275757e-01
1.368452161550521851e-01
1.165027469396591187e-01
1.607034057378768921e-01
9.311936795711517334e-02
1.214626878499984741e-01
1.189026683568954468e-01
1.393284648656845093e-01
1.119965165853500366e-01
1.125452369451522827e-01
1.241583675146102905e-01
1.585626453161239624e-01
1.157902777194976807e-01
1.190112084150314331e-01
1.101813167333602905e-01
6.563730239868164062e-01
1.180908530950546265e-01
5.883874893188476562e-01
8.446656167507171631e-02
1.514609903097152710e-01
1.674694865942001343e-01
1.158070415258407593e-01
1.834374517202377319e-01
6.852728128433227539e-01
1.689077466726303101e-01
1.684503406286239624e-01
1.319031566381454468e-01
1.421670764684677124e-01
1.357383579015731812e-01
1.559095233678817749e-01
1.435789912939071655e-01
8.069799840450286865e-02
7.671926915645599365e-02
1.881385892629623413e-01
