1.749720573425292969e-01
4.265238344669342041e-01
2.827378809452056885e-01
1.159131824970245361e-01
1.761249732971191406e+01
1.331480890512466431e-01
1.208398714661598206e-01
1.168331205844879150e-01
1.542588770389556885e-01
1.345853507518768311e-01
1.710468828678131104e-01
1.469498574733734131e-01
2.908704578876495361e-01
1.359079599380493164e+00
1.140349730849266052e-01
1.148835867643356323e-01
1.499599069356918335e-01
1.638504564762115479e-01
1.487223953008651733e-01
1.144076138734817505e-01
1.760500520467758179e-01
5.996906280517578125e+00
5.568344593048095703e+00
2.056109756231307983e-01
1.045356869697570801e+00
1.168541669845581055e+00
1.408458948135375977e-01
1.611576974391937256e-01
1.125336647033691406e+00
3.873397111892700195e-01
1.891198009252548218e-01
3.199413716793060303e-01
1.038376092910766602e+00
1.175618246197700500e-01
1.527810245752334595e-01
1.247173100709915161e-01
1.961556524038314819e-01
1.800443530082702637e-01
1.916088908910751343e-01
1.675908416509628296e-01
1.976257860660552979e-01
7.639495134353637695e-01
6.973021626472473145e-01
1.494494378566741943e-01
1.668477058410644531e-01
4.494850635528564453e-01
8.842107057571411133e-01
1.342536658048629761e-01
1.129810586571693420e-01
1.388586908578872681e-01
1.314167380332946777e-01
1.322567313909530640e-01
1.383342444896697998e-01
4.256846308708190918e-01
8.815686106681823730e-01
1.197262287139892578e+00
6.083465814590454102e-01
1.395305991172790527e-01
1.634265631437301636e-01
1.201161295175552368e-01
1.733614444732666016e+00
4.009721875190734863e-01
5.791850686073303223e-01
2.417040616273880005e-01
5.808829069137573242e-01
2.047556787729263306e-01
1.143107652664184570e+00
1.540404111146926880e-01
1.763680577278137207e-01
1.957621127367019653e-01
1.898318082094192505e-01
1.142585992813110352e+00
3.652705848217010498e-01
1.194127321243286133e+00
2.415053397417068481e-01
1.379761695861816406e+00
8.308551311492919922e-01
1.358019560575485229e-01
1.145000606775283813e-01
1.141972169280052185e-01
1.159555837512016296e-01
1.371414422988891602e+00
1.830301731824874878e-01
4.007305800914764404e-01
1.433187872171401978e-01
1.405021101236343384e-01
4.235257208347320557e-01
6.638573169708251953e+00
1.664797067642211914e-01
1.228748783469200134e-01
2.853802740573883057e-01
1.154841631650924683e-01
1.580943614244461060e-01
3.169158399105072021e-01
2.400896698236465454e-01
8.871061205863952637e-01
1.126789152622222900e-01
1.146095693111419678e-01
1.179678678512573242e+00
3.590263128280639648e-01
1.125288605690002441e-01
1.313615739345550537e-01
3.960964083671569824e-01
1.298569887876510620e-01
2.430389404296875000e+00
8.308191895484924316e-01
3.182171583175659180e-01
1.137262061238288879e-01
5.499819755554199219e+00
8.764179229736328125e+00
1.376671433448791504e+00
1.320720314979553223e-01
5.928159952163696289e-01
1.439613103866577148e-01
1.182896643877029419e-01
1.379389166831970215e-01
2.980795800685882568e-01
1.332547515630722046e-01
3.664313256740570068e-01
4.318048357963562012e-01
9.065330028533935547e-01
1.171323806047439575e-01
1.246569305658340454e-01
1.571663618087768555e-01
2.467691898345947266e-01
1.546675860881805420e-01
1.671276539564132690e-01
1.207770258188247681e-01
1.151392012834548950e-01
1.042526841163635254e+00
2.475832939147949219e+00
1.393941193819046021e-01
1.424713879823684692e-01
1.329727619886398315e-01
2.070839405059814453e-01
3.288292884826660156e-01
1.454263031482696533e-01
3.251590430736541748e-01
1.537097245454788208e-01
1.382370889186859131e-01
1.627570539712905884e-01
2.456037902832031250e+01
1.530710458755493164e-01
1.197606101632118225e-01
7.538963556289672852e-01
2.456044852733612061e-01
1.860483586788177490e-01
1.783166378736495972e-01
6.287006139755249023e-01
2.337137013673782349e-01
3.337320387363433838e-01
4.008084535598754883e-01
1.161014735698699951e-01
1.178560033440589905e-01
1.172557473182678223e-01
3.690261542797088623e-01
1.989679932594299316e-01
4.192886650562286377e-01
1.606055945158004761e-01
1.359578967094421387e+00
8.463415503501892090e-01
5.985209941864013672e+00
1.208108425140380859e+00
7.386442422866821289e-01
2.816790640354156494e-01
1.185001283884048462e-01
1.605336368083953857e-01
1.604943424463272095e-01
5.888994932174682617e-01
1.228826761245727539e+00
8.790739059448242188e+00
2.188285350799560547e+00
3.826321363449096680e-01
1.047995328903198242e+00
1.052768230438232422e+00
1.402972579002380371e+00
3.944688737392425537e-01
1.853776574134826660e-01
4.043827652931213379e-01
5.941154956817626953e-01
1.516683250665664673e-01
1.512953937053680420e-01
2.930347025394439697e-01
1.162134110927581787e-01
1.139527037739753723e-01
9.038894176483154297e-01
1.160114556550979614e-01
4.080355167388916016e-01
1.433049887418746948e-01
1.145493462681770325e-01
1.171428784728050232e-01
6.041197180747985840e-01
1.716046333312988281e-01
1.066434741020202637e+00
1.805672347545623779e-01
1.749363899230957031e+01
3.989662170410156250e+00
1.838214397430419922e-01
1.397514194250106812e-01
1.554345637559890747e-01
3.622772097587585449e-01
1.375776410102844238e+00
7.503682374954223633e-01
1.822754293680191040e-01
1.802379190921783447e-01
1.851530224084854126e-01
4.290159344673156738e-01
1.394648909568786621e+00
3.999676704406738281e-01
1.455557793378829956e-01
5.943397879600524902e-01
3.989767432212829590e-01
2.869044303894042969e+00
7.487088441848754883e-01
1.497296243906021118e-01
1.436988413333892822e-01
1.415581405162811279e-01
3.629133701324462891e-01
1.184539198875427246e-01
8.934724926948547363e-01
3.801519870758056641e-01
1.643040925264358521e-01
1.217819213867187500e+00
2.058911621570587158e-01
1.354819536209106445e-01
1.138495355844497681e-01
7.434402704238891602e-01
2.953101694583892822e-01
4.068097472190856934e-01
1.439400911331176758e-01
1.828713268041610718e-01
9.231407642364501953e-01
1.618984937667846680e-01
2.136443853378295898e-01
1.750743091106414795e-01
1.826465874910354614e-01
3.691708147525787354e-01
1.663176715373992920e-01
1.578821092844009399e-01
1.383423656225204468e-01
6.221279907226562500e+01
3.699136376380920410e-01
1.638303697109222412e-01
2.463429421186447144e-01
1.154384315013885498e-01
1.162526756525039673e-01
7.212457656860351562e-01
1.365026473999023438e+00
1.165269091725349426e-01
1.389676183462142944e-01
1.908825933933258057e-01
2.066310346126556396e-01
1.439039409160614014e-01
2.068975716829299927e-01
1.352299094200134277e+00
1.660880893468856812e-01
1.190752983093261719e+00
1.682452410459518433e-01
1.676263660192489624e-01
1.144495010375976562e-01
9.637202620506286621e-01
1.189186871051788330e-01
1.197207346558570862e-01
3.737582266330718994e-01
1.153344660997390747e-01
9.763489961624145508e-01
2.700493931770324707e-01
1.222137957811355591e-01
1.381074935197830200e-01
1.569388508796691895e-01
1.334466189146041870e-01
1.215444505214691162e-01
1.364711076021194458e-01
3.381682634353637695e-01
1.422478109598159790e-01
1.688030064105987549e-01
2.802449464797973633e-01
3.034442365169525146e-01
1.460005789995193481e-01
1.320984363555908203e-01
1.380297988653182983e-01
1.149843692779541016e+01
1.685706228017807007e-01
3.071555614471435547e+00
1.144546270370483398e-01
1.174983978271484375e-01
1.115325331687927246e+00
1.725882589817047119e-01
2.329707890748977661e-01
4.279449284076690674e-01
2.015330493450164795e-01
1.644761264324188232e-01
1.338875591754913330e-01
4.089781641960144043e-01
1.443323493003845215e-01
6.759766936302185059e-01
2.028882950544357300e-01
1.199930235743522644e-01
1.623240262269973755e-01
1.424690634012222290e-01
